study: ./checkpoints/LiquidAI--LFM2--5-2--6B.jsonl
completed trials: 200 / 200

idx trial refusals       KL  direction_index
  0   171     0.03   0.1522  None
  1   192     0.04   0.0806  None
  2   191     0.05   0.0801  None
  3   197     0.06   0.0648  None
  4     8     0.07   0.0343  None
  5   133     0.08   0.0238  17.379784537320543
  6    92     0.11   0.0225  None
  7    77     0.23   0.0210  None
  8   158     0.24   0.0103  17.028759195631267
  9    89     0.45   0.0051  17.485544563435877
 10    45     0.79   0.0046  17.737500883050494
 11   113     0.89   0.0035  16.83671987276088
 12   194     0.96   0.0020  17.497441205715695
 13   101     0.97   0.0016  18.074113894983057
 14    97     0.98   0.0009  17.811708539059808
 15   187     0.99   0.0008  11.863942700812128
selected pareto index: 4
